358615 | 01a0b1c2-b010-7000-8000-000000000000 | 0 | -250000 | 2500000 | 01a0bf1d-e571-7539-b4a2-e1297e71266d
359569 | 01a0b1c2-b010-7000-8000-000000000000 | 0 | -250000 | 2500000 | 01a0bf1e-9fc5-738e-b1bb-cef8d216006a
358665 | 01a0b1c2-b010-7000-8000-000000000001 | 2500000 | 250000 | 0 | 01a0bf1d-ef35-70ec-a806-150f2369ff00
  [0] [2500.0, 250.0, 0.0]  -> mm [2500000, 250000, 0]
  [1] [2165.0635095, -250.0, 1250.0]  -> mm [2165064, -250000, 1250000]
  [2] [1250.0, 250.0, 2165.0635095]  -> mm [1250000, 250000, 2165064]
  [3] [0.0, -250.0, 2500.0]  -> mm [0, -250000, 2500000]
  [4] [-1250.0, 250.0, 2165.0635095]  -> mm [-1250000, 250000, 2165064]
  [5] [-2165.0635095, -250.0, 1250.0]  -> mm [-2165064, -250000, 1250000]
  [6] [-2500.0, 250.0, 0.0]  -> mm [-2500000, 250000, 0]
  [7] [-2165.0635095, -250.0, -1250.0]  -> mm [-2165064, -250000, -1250000]
  [8] [-1250.0, 250.0, -2165.0635095]  -> mm [-1250000, 250000, -2165064]
  [9] [0.0, -250.0, -2500.0]  -> mm [0, -250000, -2500000]
  [10] [1250.0, 250.0, -2165.0635095]  -> mm [1250000, 250000, -2165064]
  [11] [2165.0635095, -250.0, -1250.0]  -> mm [2165064, -250000, -1250000]
